3348.33
3369.11
3385.71
3391.75
3409.48
3413.9
3421.83
3425.34
3428.94
3410.49
3436.59
3444.67
3474.75
3487.86
3501.36
3546.5
3559.47
3548.31
3558.13
3523.0
3488.01
3480.83
3446.98
3462.08
3487.5
3370.65
3309.26
3262.05
3129.85
3154.13
3184.96
3199.16
3268.56
3289.02
3329.57
3292.07
3259.41
3273.75
3254.53
3256.93
3289.64
3271.67
3288.41
3307.17
3326.7
3310.24
3291.38
3291.11
3269.88
3279.25
3290.64
3280.95
3263.48
3152.76
3133.72
3166.65
3122.29
3160.53
3168.9
3163.18
3136.63
3131.11
3138.29
3190.32
3208.08
3180.16
3159.05
3110.65
3066.8
3091.4
3117.38
3071.54
3068.01
3128.93
3117.97
3075.03
3082.23
3081.18
3100.86
3091.03
3136.64
3161.5
3159.15
3174.41
3163.26
3174.03
3192.12
3169.57
3154.28
3193.3
3213.84
3214.35
3168.96
3154.65
3141.3
3135.08
3120.46
3041.44
3095.47
3075.14
3091.19
3114.21
3115.18
3109.5
3067.15
3052.78
3079.8
3049.8
3044.16
3021.9
2907.82
2915.73
2875.81
2889.76
2859.34
2844.51
2813.18
2786.9
2847.42
2775.56
2786.89
2759.13
2733.88
2747.23
2815.11
2827.63
2777.77
2837.66
2831.18
2814.04
2798.13
2787.26
2772.55
2829.27
2859.54
2905.56
2903.65
2882.23
2873.59
2869.05
2876.4
2824.53
2768.02
2740.44
2705.16
2779.37
2744.07
2794.38
2795.31
2785.87
2780.96
2723.26
2705.19
2668.97
2698.47
2733.83
2714.61
2724.62
2729.43
2780.9
2777.98
2769.29
2737.74
2725.25
2720.73
2750.58
2704.34
2691.59
2702.3
2669.48
2664.8
2656.11
2686.58
2681.64
2651.79
2699.95
2730.85
2729.24
2797.48
2781.14
2806.81
2791.77
2821.35
2716.51
2721.01
2725.84
2583.46
2606.91
2568.1
2546.33
2561.61
2486.42
2550.47
2654.88
2594.83
2603.3
2603.8
2598.85
2542.1
2568.05
2602.78
2606.24
2676.48
2665.43
2659.36
2641.34
2635.63
2598.87
2630.52
2654.88
2632.24
2668.17
2679.11
2703.51
2645.85
2651.51
2645.43
2579.48
2575.81
2574.68
2601.74
2567.44
2588.19
2654.8
2665.96
2649.81
2605.18
2605.89
2584.58
2594.09
2602.15
2634.05
2593.74
2597.97
2576.65
2549.56
2536.27
2516.25
2527.01
2504.82
2498.29
2483.09
2493.9
2465.29
2464.36
2514.87
2533.09
2526.46
2544.34
2535.1
2553.83
2535.77
2570.34
2570.42
2559.64
2596.01
2610.51
2579.7
2581.0
2591.69
2601.72
2596.98
2594.25
2575.58
2584.57
2618.23
2653.9
2671.89
2721.07
2719.7
2682.39
2754.36
2755.65
2761.22
2751.8
2804.23
2961.28
2941.52
2953.82
2940.95
2994.01
3027.58
3054.25
3102.1
3106.42
2969.86
3026.99
3060.31
3026.95
2990.69
3021.75
3096.42
3090.98
3090.64
3101.46
3104.15
3043.03
2997.1
3022.72
2994.94
3090.76
3170.36
3176.82
3216.3
3246.57
3244.81
3239.66
3241.93
3189.96
3188.63
3177.79
3253.6
3263.12
3250.2
3270.8
3215.04
3198.59
3201.61
3123.83
3086.4
3062.5
3078.34
2906.46
2926.39
2893.76
2850.95
2939.21
2903.71
2883.61
2938.68
2955.71
2882.3
2870.6
2905.97
2891.7
2852.52
2852.99
2892.38
2909.91
2914.7
2905.81
2898.7
2890.08
2862.28
2861.42
2827.8
2852.13
2925.72
2909.38
2910.74
2881.97
2887.62
2890.16
2917.8
2987.12
3001.98
3008.15
2982.07
2976.28
2996.79
2978.88
3044.9
3043.94
3015.26
3005.25
3011.06
2933.36
2928.23
2915.3
2917.76
2930.55
2942.19
2937.62
2931.69
2901.18
2924.2
2886.97
2899.94
2923.28
2937.36
2944.54
2941.01
2952.34
2932.51
2908.77
2867.84
2821.5
2777.56
2768.68
2794.55
2774.75
2814.99
2797.26
2808.91
2815.8
2823.82
2883.1
2880.0
2880.33
2883.44
2897.43
2863.57
2902.19
2893.76
2890.92
2886.24
2924.11
2930.15
2957.41
2985.86
2999.6
3024.74
3021.2
3008.81
3031.24
3030.75
2978.12
2985.66
2999.28
3006.45
2977.08
2985.34
2955.43
2929.09
2932.17
2905.19
2913.57
2924.86
2947.71
2973.66
3007.88
2991.05
2978.71
2977.33
2938.14
2939.62
2954.38
2941.62
2940.92
2954.93
2980.05
2954.18
2939.32
2929.06
2958.2
2975.49
2991.56
2978.6
2978.71
2964.18
2909.97
2914.82
2905.24
2909.87
2891.34
2909.2
2933.99
2911.05
2903.64
2885.29
2906.17
2907.06
2903.19
2889.69
2871.98
2875.81
2884.7
2878.12
2899.47
2912.01
2914.48
2917.32
2924.42
2915.7
2967.68
2984.39
3022.42
3017.04
3017.07
3004.94
2962.75
2982.68
2981.88
3007.35
3005.04
3040.02
3050.12
3085.2
3083.79
3083.41
3104.8
3066.89
3094.88
3092.29
3115.57
3106.82
3090.04
3074.08
3075.5
3095.79
3052.14
3060.75
2976.53
2746.61
2783.29
2818.09
2866.51
2875.96
2890.49
2901.67
2926.9
2906.07
2917.01
2983.62
2984.97
2975.4
3030.15
3039.67
3031.23
3013.05
2987.93
2991.33
2880.3
2970.93
2992.9
3011.67
3071.68
3034.51
2943.29
2996.76
2968.52
2923.49
2887.43
2789.25
2779.64
2728.76
2702.13
2745.62
2660.17
2722.44
2781.59
2764.91
2772.2
2747.21
2750.3
2734.52
2780.64
2763.99
2820.76
2815.37
2825.9
2796.63
2783.05
2827.28
2811.17
2819.94
2838.49
2852.55
